11,107
11,106
11,105
11,104
11,103
11,102
11,101
11,100
11,99
11,98
11,97
11,96
11,95
11,94
11,93
11,92
11,91
11,90
11,89
11,88
11,87
11,86
11,85
11,84
11,83
11,82
11,81
11,80
11,79
11,78
11,77
11,76
11,75
11,74
11,73
11,72
11,71
11,70
11,69
11,68
11,67
11,66
11,65
11,64
11,38
11,37
11,36
11,35
11,34
11,33
11,32
11,31
11,30
11,29
11,28
11,27
11,26
11,25
11,24
11,23
11,22
11,21
11,20
11,19
11,18
11,17
11,16
11,15
11,14
11,13
11,12
4294967279,432
4294967278,358
4294967279,431
4294967278,357
4294967279,430
4294967278,356
4294967279,429
4294967278,355
4294967279,428
4294967279,427
4294967278,354
4294967279,426
4294967279,425
4294967279,424
4294967278,353
4294967279,423
4294967279,422
4294967278,352
4294967279,421
4294967278,351
4294967279,420
4294967279,419
4294967278,350
11,11
11,10
4294967279,418
4294967279,417
4294967278,349
4294967278,348
11,9
11,8
11,7
4294967278,347
4294967278,346
4294967278,345
4294967279,416
4294967279,415
4294967279,414
4294967279,413
4294967279,412
4294967279,411
4294967279,410
4294967278,344
4294967278,343
4294967279,409
4294967278,342
4294967278,341
4294967278,340
4294967278,339
4294967279,408
4294967278,338
4294967279,407
4294967278,337
4294967279,406
4294967278,336
4294967279,405
4294967278,335
4294967279,404
4294967278,334
4294967279,403
4294967278,333
4294967279,402
4294967278,332
4294967279,401
4294967278,331
4294967279,400
4294967278,330
4294967279,399
4294967278,329
4294967279,398
4294967278,328
4294967279,397
4294967278,327
4294967279,396
4294967278,326
4294967279,395
4294967278,325
4294967279,394
4294967278,324
4294967279,393
4294967278,323
4294967279,392
4294967278,322
4294967279,391
4294967278,321
4294967279,390
4294967278,320
4294967279,389
4294967278,319
4294967279,388
4294967278,318
4294967279,387
4294967278,317
4294967279,386
4294967278,316
4294967279,385
4294967278,315
4294967279,384
4294967278,314
4294967278,313
4294967279,133
4294967278,312
4294967279,319
4294967278,311
4294967279,318
4294967278,310
4294967279,317
4294967278,309
4294967279,316
4294967278,308
4294967279,315
4294967278,307
4294967279,314
4294967278,306
4294967279,313
4294967278,305
4294967279,312
4294967278,304
4294967279,311
4294967278,303
4294967279,310
4294967278,302
4294967279,309
4294967278,301
4294967279,308
4294967278,300
4294967279,307
4294967278,299
4294967279,306
4294967278,298
4294967279,305
4294967278,297
4294967279,304
4294967278,296
4294967279,303
4294967278,295
4294967279,302
4294967278,294
4294967279,301
4294967278,293
4294967279,300
4294967278,292
4294967279,299
4294967294,1422
4294967294,1421
13,8
13,7
13,6
13,5
13,4
13,3
13,2
13,1
4294967278,291
4294967294,473
4294967294,987
12,6
12,5
12,4
12,3
12,2
12,1
4294967279,298
11,6
11,5
11,4
11,3
11,2
11,1
4294967278,290
10,5
10,4
10,3
10,2
10,1
4294967278,289
9,9
9,8
9,7
9,6
9,5
9,4
9,3
9,2
9,1
4294967294,1037
8,6
8,5
8,4
8,3
8,2
8,1
4294967279,297
4294967294,1420
4294967294,1419
4294967294,437
7,5
7,4
7,3
7,2
7,1
6,6
6,5
4294967279,296
6,4
6,3
6,2
6,1
4294967279,295
5,6
4294967279,294
5,5
5,4
5,3
5,2
5,1
4294967279,293
4,6
4,5
4,4
4,3
4,2
4,1
4294967279,292
4294967294,1418
3,6
3,5
3,4
3,3
3,2
3,1
4294967279,291
2,7
2,6
2,5
2,4
2,3
2,2
2,1
4294967294,982
4294967294,1016
4294967294,460
4294967279,281
4294967278,288
4294967279,280
4294967278,287
4294967293,131
4294967293,130
4294967293,129
4294967293,128
4294967293,127
4294967293,126
4294967293,125
4294967293,124
4294967293,123
4294967293,122
4294967293,121
4294967293,120
4294967293,119
4294967293,118
4294967293,117
4294967293,116
4294967293,115
4294967293,114
4294967293,113
4294967293,112
4294967293,111
4294967293,110
4294967293,109
4294967293,108
4294967293,107
4294967293,106
4294967293,105
4294967293,104
4294967293,103
4294967293,102
4294967293,101
4294967293,100
4294967293,99
4294967293,98
4294967293,97
4294967293,96
4294967293,95
4294967293,94
4294967293,93
4294967293,92
4294967293,91
4294967293,90
4294967293,89
4294967293,88
4294967293,87
4294967293,86
4294967293,85
4294967293,84
4294967293,83
4294967293,82
4294967293,81
4294967293,80
4294967293,79
4294967293,78
4294967293,77
4294967293,76
4294967293,75
4294967293,74
